0     -8.0   -7.5   -7.0   -6.5   -6.0   -5.5   -5.0   -4.5   -4.0   -3.5   -3.0   -2.5   -2.0   -1.5   -1.0   -0.5    0.0    0.5    1.0
3.75 -0.767 -0.927 -1.118 -1.326 -1.539 -1.749 -1.947 -2.114 -2.218 -2.227 -2.138 -1.977 -1.768 -1.544 -1.274 -0.967 -0.627 -0.250  0.136
3.80 -0.560 -0.597 -0.674 -0.794 -0.943 -1.108 -1.270 -1.404 -1.486 -1.489 -1.411 -1.276 -1.088 -0.897 -0.666 -0.422 -0.160  0.139  0.441
3.85 -0.534 -0.529 -0.524 -0.524 -0.542 -0.587 -0.648 -0.705 -0.736 -0.720 -0.655 -0.543 -0.395 -0.235 -0.038  0.174  0.397  0.641  0.907
3.90 -0.536 -0.526 -0.507 -0.471 -0.406 -0.313 -0.211 -0.119 -0.041  0.030  0.105  0.199  0.316  0.438  0.597  0.773  0.962  1.167  1.385
3.95 -0.536 -0.529 -0.511 -0.474 -0.395 -0.255 -0.045  0.207  0.448  0.642  0.783  0.897  1.001  1.102  1.226  1.365  1.518  1.691  1.883
4.00 -0.517 -0.520 -0.512 -0.482 -0.409 -0.265 -0.030  0.292  0.656  1.000  1.268  1.456  1.594  1.706  1.813  1.921  2.048  2.192  2.356
4.05 -0.490 -0.489 -0.485 -0.468 -0.411 -0.279 -0.047  0.288  0.692  1.121  1.509  1.817  2.038  2.192  2.311  2.420  2.528  2.648  2.784
4.10 -0.478 -0.473 -0.463 -0.442 -0.392 -0.281 -0.074  0.239  0.642  1.092  1.545  1.958  2.286  2.527  2.698  2.831  2.949  3.063  3.184
4.15 -0.469 -0.457 -0.444 -0.422 -0.373 -0.267 -0.078  0.204  0.578  1.017  1.490  1.961  2.383  2.724  2.969  3.146  3.290  3.415  3.537
4.20 -0.473 -0.458 -0.438 -0.410 -0.362 -0.265 -0.089  0.183  0.538  0.957  1.420  1.911  2.385  2.807  3.145  3.393  3.571  3.725  3.860
4.25 -0.472 -0.458 -0.438 -0.406 -0.352 -0.255 -0.093  0.157  0.502  0.915  1.372  1.852  2.345  2.821  3.239  3.565  3.805  3.999  4.160
4.30 -0.461 -0.450 -0.431 -0.401 -0.352 -0.259 -0.099  0.139  0.468  0.882  1.348  1.833  2.324  2.823  3.289  3.688  3.993  4.238  4.428
4.35 -0.450 -0.438 -0.417 -0.385 -0.335 -0.250 -0.102  0.130  0.458  0.874  1.344  1.838  2.342  2.842  3.335  3.785  4.151  4.448  4.669
4.40 -0.429 -0.420 -0.401 -0.365 -0.309 -0.225 -0.090  0.128  0.450  0.867  1.340  1.850  2.374  2.890  3.401  3.877  4.286  4.626  4.878
4.45 -0.419 -0.405 -0.382 -0.342 -0.276 -0.180 -0.038  0.180  0.494  0.906  1.381  1.893  2.422  2.952  3.481  3.976  4.414  4.770  5.059
4.50 -0.415 -0.402 -0.378 -0.333 -0.255 -0.138  0.020  0.239  0.547  0.951  1.424  1.940  2.476  3.024  3.566  4.075  4.532  4.908  5.210
4.55 -0.410 -0.395 -0.372 -0.331 -0.251 -0.116  0.076  0.328  0.653  1.052  1.514  2.022  2.550  3.096  3.645  4.164  4.627  5.013  5.319
4.60 -0.414 -0.398 -0.374 -0.331 -0.253 -0.114  0.099  0.393  0.753  1.162  1.620  2.111  2.624  3.159  3.705  4.225  4.687  5.071  5.369
4.65 -0.410 -0.397 -0.376 -0.337 -0.261 -0.123  0.098  0.411  0.809  1.253  1.719  2.202  2.699  3.213  3.740  4.245  4.694  5.068  5.354
4.70 -0.409 -0.393 -0.372 -0.338 -0.272 -0.143  0.073  0.388  0.790  1.254  1.747  2.245  2.739  3.237  3.739  4.220  4.650  5.012  5.289
4.75 -0.409 -0.392 -0.369 -0.338 -0.278 -0.164  0.037  0.341  0.738  1.202  1.702  2.219  2.727  3.223  3.707  4.163  4.575  4.927  5.200
4.80 -0.409 -0.392 -0.370 -0.337 -0.280 -0.173  0.014  0.300  0.679  1.128  1.623  2.143  2.668  3.177  3.656  4.098  4.496  4.837  5.104
4.85 -0.410 -0.394 -0.372 -0.339 -0.283 -0.183 -0.006  0.265  0.624  1.055  1.539  2.058  2.591  3.113  3.600  4.039  4.430  4.762  5.018
4.90 -0.401 -0.387 -0.366 -0.333 -0.277 -0.180 -0.014  0.244  0.590  1.004  1.475  1.991  2.526  3.055  3.550  3.994  4.382  4.701  4.943
4.95 -0.381 -0.367 -0.347 -0.317 -0.265 -0.171 -0.011  0.236  0.573  0.982  1.443  1.947  2.478  3.009  3.511  3.961  4.347  4.650  4.870
5.00 -0.339 -0.331 -0.316 -0.288 -0.240 -0.153 -0.001  0.238  0.571  0.977  1.431  1.928  2.452  2.978  3.484  3.935  4.312  4.595  4.793
5.05 -0.269 -0.258 -0.245 -0.224 -0.182 -0.101  0.043  0.271  0.596  0.995  1.443  1.935  2.450  2.961  3.459  3.901  4.262  4.521  4.698
5.10 -0.198 -0.181 -0.161 -0.132 -0.091 -0.018  0.111  0.316  0.612  0.998  1.448  1.935  2.440  2.949  3.426  3.844  4.180  4.418  4.583
5.15 -0.158 -0.121 -0.083 -0.040  0.015  0.097  0.222  0.410  0.683  1.045  1.477  1.950  2.439  2.927  3.374  3.756  4.064  4.287  4.449
5.20 -0.163 -0.114 -0.058  0.006  0.085  0.188  0.331  0.523  0.779  1.111  1.517  1.971  2.437  2.894  3.299  3.639  3.921  4.138  4.307
5.25 -0.215 -0.157 -0.090 -0.009  0.091  0.219  0.385  0.591  0.843  1.153  1.537  1.970  2.414  2.839  3.202  3.505  3.766  3.984  4.161
5.30 -0.282 -0.220 -0.148 -0.061  0.050  0.195  0.381  0.608  0.874  1.183  1.544  1.950  2.370  2.763  3.091  3.366  3.612  3.831  4.018
5.35 -0.357 -0.305 -0.236 -0.147 -0.035  0.113  0.309  0.555  0.843  1.164  1.521  1.908  2.305  2.673  2.975  3.229  3.465  3.687  3.882
5.40 -0.410 -0.373 -0.318 -0.241 -0.137  0.003  0.197  0.457  0.768  1.110  1.472  1.849  2.230  2.578  2.860  3.099  3.329  3.553  3.753
5.45 -0.444 -0.421 -0.381 -0.319 -0.226 -0.092  0.096  0.356  0.682  1.044  1.416  1.789  2.155  2.484  2.751  2.980  3.206  3.431  3.634
5.50 -0.457 -0.446 -0.423 -0.380 -0.306 -0.188 -0.011  0.243  0.576  0.958  1.351  1.730  2.085  2.398  2.652  2.873  3.099  3.325  3.529
5.55 -0.463 -0.457 -0.445 -0.420 -0.368 -0.270 -0.109  0.142  0.488  0.888  1.294  1.671  2.019  2.320  2.564  2.782  3.009  3.232  3.438
5.60 -0.465 -0.462 -0.455 -0.439 -0.407 -0.336 -0.195  0.046  0.397  0.817  1.238  1.621  1.962  2.253  2.490  2.708  2.936  3.155  3.362
5.65 -0.466 -0.463 -0.457 -0.448 -0.427 -0.381 -0.275 -0.061  0.285  0.723  1.171  1.569  1.913  2.198  2.432  2.651  2.878  3.093  3.301
5.70 -0.467 -0.464 -0.459 -0.451 -0.435 -0.401 -0.323 -0.148  0.174  0.620  1.095  1.519  1.869  2.156  2.392  2.615  2.838  3.050  3.263
5.75 -0.467 -0.465 -0.460 -0.452 -0.439 -0.411 -0.350 -0.214  0.068  0.509  1.009  1.460  1.828  2.121  2.362  2.588  2.803  3.004  3.215
5.80 -0.467 -0.465 -0.461 -0.453 -0.440 -0.415 -0.362 -0.249 -0.011  0.399  0.911  1.391  1.782  2.088  2.340  2.568  2.774  2.956  3.148
5.85 -0.467 -0.465 -0.461 -0.454 -0.441 -0.416 -0.368 -0.267 -0.057  0.316  0.816  1.316  1.731  2.053  2.318  2.545  2.740  2.915  3.102
5.90 -0.467 -0.465 -0.462 -0.456 -0.444 -0.419 -0.371 -0.277 -0.089  0.250  0.730  1.241  1.676  2.016  2.290  2.516  2.701  2.866  3.048
5.95 -0.466 -0.464 -0.460 -0.454 -0.443 -0.419 -0.372 -0.281 -0.103  0.213  0.669  1.175  1.622  1.977  2.257  2.478  2.652  2.806  2.983
6.00 -0.464 -0.461 -0.457 -0.451 -0.440 -0.418 -0.372 -0.281 -0.106  0.202  0.642  1.135  1.580  1.939  2.220  2.434  2.593  2.738  2.924
6.10 -0.466 -0.460 -0.452 -0.442 -0.428 -0.406 -0.366 -0.281 -0.108  0.184  0.590  1.057  1.495  1.855  2.128  2.319  2.461  2.610  2.801
6.20 -0.471 -0.468 -0.462 -0.450 -0.428 -0.395 -0.347 -0.263 -0.106  0.164  0.547  0.989  1.410  1.749  1.993  2.162  2.291  2.450  2.663
6.30 -0.472 -0.471 -0.469 -0.465 -0.452 -0.423 -0.362 -0.257 -0.092  0.162  0.519  0.928  1.308  1.606  1.818  1.967  2.106  2.286  2.523
6.40 -0.473 -0.472 -0.471 -0.470 -0.465 -0.451 -0.413 -0.317 -0.129  0.146  0.487  0.851  1.170  1.416  1.605  1.755  1.914  2.124  2.381
6.50 -0.474 -0.473 -0.473 -0.472 -0.469 -0.461 -0.440 -0.379 -0.227  0.047  0.392  0.720  0.987  1.199  1.378  1.543  1.732  1.969  2.231
6.60 -0.474 -0.474 -0.474 -0.473 -0.471 -0.467 -0.452 -0.412 -0.307 -0.089  0.225  0.534  0.780  0.977  1.155  1.341  1.562  1.820  2.088
6.70 -0.476 -0.475 -0.475 -0.475 -0.474 -0.470 -0.460 -0.432 -0.358 -0.199  0.056  0.333  0.567  0.763  0.949  1.154  1.403  1.677  1.948
6.80 -0.477 -0.477 -0.477 -0.476 -0.476 -0.473 -0.466 -0.447 -0.396 -0.279 -0.084  0.148  0.365  0.564  0.763  0.993  1.264  1.548  1.803
6.90 -0.478 -0.478 -0.478 -0.478 -0.477 -0.475 -0.470 -0.456 -0.420 -0.337 -0.191  0.002  0.201  0.399  0.616  0.861  1.141  1.421  1.657
7.00 -0.480 -0.480 -0.480 -0.480 -0.479 -0.476 -0.471 -0.459 -0.432 -0.371 -0.262 -0.110  0.073  0.281  0.506  0.754  1.031  1.296  1.522
7.10 -0.483 -0.483 -0.483 -0.482 -0.482 -0.480 -0.474 -0.460 -0.432 -0.380 -0.294 -0.166  0.004  0.199  0.411  0.648  0.920  1.171  1.344
7.20 -0.486 -0.486 -0.486 -0.486 -0.485 -0.484 -0.480 -0.467 -0.438 -0.385 -0.305 -0.191 -0.044  0.123  0.310  0.543  0.798  1.036
7.30 -0.490 -0.490 -0.490 -0.490 -0.490 -0.489 -0.486 -0.477 -0.453 -0.405 -0.327 -0.221 -0.100  0.036  0.206  0.430  0.691
7.40 -0.495 -0.495 -0.495 -0.495 -0.495 -0.494 -0.492 -0.487 -0.470 -0.433 -0.365 -0.274 -0.173 -0.056  0.109  0.328  0.576
7.50 -0.501 -0.501 -0.501 -0.501 -0.501 -0.501 -0.499 -0.495 -0.485 -0.459 -0.407 -0.334 -0.247 -0.139  0.017  0.235
7.60 -0.508 -0.508 -0.508 -0.508 -0.509 -0.509 -0.508 -0.505 -0.498 -0.480 -0.442 -0.385 -0.312 -0.212 -0.066  0.136
7.70 -0.518 -0.518 -0.518 -0.518 -0.518 -0.518 -0.517 -0.516 -0.511 -0.497 -0.470 -0.427 -0.367 -0.278 -0.146  0.034
7.80 -0.530 -0.530 -0.530 -0.530 -0.530 -0.530 -0.529 -0.528 -0.525 -0.515 -0.494 -0.462 -0.415 -0.342 -0.228 -0.080
7.90 -0.544 -0.544 -0.544 -0.544 -0.545 -0.545 -0.544 -0.544 -0.541 -0.533 -0.518 -0.495 -0.463 -0.407 -0.312
8.00 -0.560 -0.560 -0.560 -0.560 -0.560 -0.561 -0.561 -0.560 -0.557 -0.552 -0.542 -0.528 -0.510 -0.471 -0.397
8.10 -0.580 -0.580 -0.580 -0.580 -0.580 -0.580 -0.581 -0.581 -0.578 -0.574 -0.569 -0.565 -0.560 -0.540 -0.495
8.30 -0.633 -0.633 -0.633 -0.633 -0.634 -0.634 -0.634 -0.633 -0.633 -0.633 -0.637 -0.653 -0.676 -0.695 -0.712
8.50 -0.704 -0.704 -0.704 -0.704 -0.704 -0.704 -0.704 -0.704 -0.705 -0.709 -0.724 -0.758 -0.796 -0.912 -1.268
8.70 -0.582 -0.753 -0.785 -0.789 -0.789 -0.789 -0.789 -0.790 -0.792 -0.801 -0.826 -0.881 -0.960 -1.048